26
85
81
73
70
67
77
59
18
31
88
12
89
54
96
21
88
62
37
64
26
71
63
58
42
94
40
36
79
46
81
5
56
98
3
21
36
87
16
16
81
93
22
44
87
50
18
34
15
44
92
87
4
36
41
87
38
57
80
25
24
34
100
26
62
37
26
81
95
64
92
48
25
27
1
7
68
29
16
65
96
75
67
86
56
75
74
100
83
39
46
66
33
4
5
37
3
58
58
73
65
79
67
36
60
86
65
84
65
40
73
26
98
7
11
21
48
79
28
41
78
35
52
41
81
19
30
65
45
64
4
60
3
41
99
46
48
1
2
86
52
6
90
78
57
91
67
100
38
42
49
19
13
86
65
3
79
57
76
98
36
17
4
14
24
87
21
21
19
49
41
27
81
65
55
18
26
39
62
9
91
88
83
37
90
63
46
13
10
61
72
52
51
60
86
50
23
26
89
11
94
79
77
76
31
47
79
85
78
88
42
51
58
12
18
11
1
44
80
93
54
29
75
79
49
94
47
12
37
9
96
64
2
99
82
100
12
39
70
33
69
74
12
15
37
19
11
28
78
25
74
2
77
44
20
52
51
45
8
73
15
89
30
44
12
66
49
19
6
85
11
41
99
47
95
30
75
50
83
79
20
29
33
19
7
76
39
93
58
83
67
37
13
69
91
90
68
39
68
6
12
62
21
91
65
1
54
71
69
90
39
64
63
37
4
81
29
48
77
57
65
20
100
7
10
44
22
78
71
39
22
13
59
19
76
58
78
24
8
19
80
77
2
94
100
93
86
30
100
93
20
83
28
29
93
31
19
59
52
44
41
14
29
41
36
79
63
22
97
3
33
90
26
80
97
54
85
84
34
43
13
37
41
5
90
90
96
71
50
35
98
72
20
7
46
49
42
82
71
86
1
63
59
41
5
57
74
82
78
89
43
78
22
92
77
8
44
46
3
93
69
96
81
48
90
71
99
46
54
82
94
9
75
100
82
44
70
30
61
9
48
35
73
98
55
44
44
15
50
47
95
86
78
19
57
16
74
25
12
85
5
12
84
21
80
52
71
32
78
13
88
72
16
27
44
1
51
68
99
40
27
6
13
25
93
90
46
65
30
60
56
47
74
44
68
88
13
70
24
80
42
88
27
46
62
97
85
16
87
52
48
3
74
99
52
22
98
63
38
61
77
41
72
67
84
27
13
73
15
16
63
83
65
62
23
22
32
83
41
92
62
90
75
42
86
23
88
41
98
70
15
68
17
39
99
92
32
83
52
31
65
100
37
66
30
24
30
60
82
86
100
64
23
42
68
32
37
22
85
14
21
74
5
79
52
83
20
29
99
27
70
34
44
39
92
34
63
70
55
85
26
3
75
82
96
64
95
79
37
25
81
28
38
25
65
84
38
58
78
99
73
58
29
19
96
12
52
1
29
69
15
38
72
18
14
33
44
86
48
65
20
36
4
10
40
5
12
2
67
40
15
3
46
64
30
22
32
96
72
71
91
77
94
21
4
57
6
58
12
10
42
58
16
1
88
21
87
73
21
83
93
58
48
4
53
15
71
97
88
14
50
64
28
36
33
94
77
72
10
37
99
78
47
38
49
33
3
94
59
3
80
75
54
3
55
57
13
74
64
22
21
80
21
60
47
69
93
87
77
65
67
75
27
98
33
11
83
37
99
46
4
58
95
43
74
70
54
71
57
78
38
89
75
27
2
72
85
93
23
31
38
63
81
32
33
2
44
67
94
75
10
91
85
38
52
46
28
75
89
4
76
36
22
49
91
75
86
59
54
69
16
34
76
15
27
28
62
67
51
38
1
85
16
56
29
9
94
38
9
51
25
92
65
37
92
17
64
88
9
64
91
40
3
17
69
80
42
26
32
93
35
10
62
53
5
83
85
72
11
79
81
70
74
46
28
63
18
83
63
59
9
20
43
51
65
8
77
20
75
55
30
35
39
96
61
18
67
67
9
91
17
34
30
13
94
19
50
4
55
69
12
38
59
18
85
44
18
100
66
54
35
5
27
18
71
75
3
82
19
9
32
72
31
80
33
70
13
23
98
44
70
72
65
50
100
59
2
20
15
80
95
100
1
46
56
29
69
63
48
36
74
60
47
44
13
79
87
46
14
90
46
24
76
65
89
8
50
81
73
87
48
95
78
90
82
23
94
31
43
98
25
76
32
16
23
26
83
48
63
29
3
55
87
33
63
13
27
70
93
92
70
88
77
83
54
49
18
45
56
74
50
91
67
67
12
19
69
58
25
77
